takeoff_alt: 15

waypoint/wp1: [37.295301, 126.970837, 15]
waypoint/wp2: [37.295301, 126.970837, 10]
waypoint/wp3: [37.295301, 126.970837, 15]

obstacle: [37.295188, 126.970882, 7]
